# Data for RNeNe_OO - EPPS21
# Columns: pT [GeV], Central, PDF_unc_minus, PDF_unc_plus, Scale_unc_minus, Scale_unc_plus

4.000000e+00 9.962257e-01 1.443133e-02 4.689438e-03 2.135917e-03 6.242745e-04
6.000000e+00 9.979322e-01 1.119186e-02 3.092126e-03 7.445943e-04 3.768277e-04
7.000000e+00 9.984010e-01 9.964205e-03 2.776098e-03 4.394411e-04 3.160698e-04
8.000000e+00 9.988383e-01 9.068412e-03 2.318892e-03 3.864542e-04 2.802123e-04
9.000000e+00 9.992182e-01 8.347015e-03 1.879500e-03 2.986429e-04 2.899671e-04
1.000000e+01 9.995066e-01 7.668298e-03 1.626700e-03 1.948819e-04 2.998695e-04
1.200000e+01 9.998853e-01 6.799623e-03 1.402760e-03 6.251813e-05 3.077045e-04
1.400000e+01 1.000207e+00 5.713479e-03 1.151494e-03 6.284809e-05 2.561015e-04
1.600000e+01 1.000473e+00 4.970915e-03 9.601537e-04 1.028588e-04 2.083660e-04
2.000000e+01 1.000913e+00 3.972902e-03 5.855620e-04 1.221652e-04 8.611430e-05
2.500000e+01 1.001266e+00 3.137563e-03 6.245787e-04 1.695694e-04 4.305530e-05
3.000000e+01 1.001434e+00 2.500782e-03 9.901861e-04 1.960084e-04 3.730494e-05
5.000000e+01 1.001646e+00 1.540934e-03 1.621152e-03 8.431636e-05 5.394411e-05
7.000000e+01 1.001543e+00 1.523222e-03 1.715763e-03 4.035341e-05 6.020721e-05
1.000000e+02 1.001167e+00 1.549106e-03 1.834479e-03 4.643077e-05 1.194523e-04
