# Data for RNeNe_OO - nNNPDF30
# Columns: pT [GeV], Central, PDF_unc_minus, PDF_unc_plus, Scale_unc_minus, Scale_unc_plus

4.000000e+00 9.897240e-01 1.739811e-02 1.739811e-02 2.185298e-03 1.350801e-03
6.000000e+00 9.921795e-01 1.393080e-02 1.393080e-02 1.023093e-03 1.086733e-03
7.000000e+00 9.930787e-01 1.278794e-02 1.278794e-02 7.308571e-04 9.674524e-04
8.000000e+00 9.937929e-01 1.180274e-02 1.180274e-02 4.797944e-04 8.585981e-04
9.000000e+00 9.943525e-01 1.105073e-02 1.105073e-02 2.638006e-04 8.927775e-04
1.000000e+01 9.950250e-01 1.025270e-02 1.025270e-02 2.576358e-04 8.722951e-04
1.200000e+01 9.960663e-01 8.951373e-03 8.951373e-03 1.402193e-03 8.654366e-04
1.400000e+01 9.968953e-01 7.961463e-03 7.961463e-03 1.087704e-04 8.512680e-04
1.600000e+01 9.976338e-01 7.081525e-03 7.081525e-03 5.372685e-04 9.156684e-04
2.000000e+01 9.988041e-01 5.756795e-03 5.756795e-03 9.325825e-06 6.970124e-04
2.500000e+01 9.999688e-01 4.618074e-03 4.618074e-03 5.393963e-04 5.136155e-04
3.000000e+01 1.000923e+00 3.975548e-03 3.975548e-03 3.028143e-04 5.013909e-04
5.000000e+01 1.003345e+00 4.206838e-03 4.206838e-03 6.361824e-04 3.396678e-04
7.000000e+01 1.004585e+00 5.737578e-03 5.737578e-03 2.466768e-04 2.757361e-04
1.000000e+02 1.005147e+00 1.016868e-02 1.016868e-02 1.566153e-05 4.367282e-04
