# Data for S_cms_v4 - nNNPDF30
# Columns: pT [GeV], Central, PDF_unc_minus, PDF_unc_plus, Scale_unc_minus, Scale_unc_plus

4.000000e+00 8.004374e-01 1.040967e-02 1.040967e-02 1.126387e-02 3.111485e-02
6.000000e+00 7.735928e-01 9.702932e-03 9.702932e-03 8.364253e-03 1.641647e-02
7.000000e+00 7.647772e-01 9.501896e-03 9.501896e-03 9.608111e-03 1.240566e-02
8.000000e+00 7.563923e-01 9.505735e-03 9.505735e-03 7.547282e-03 1.030776e-02
9.000000e+00 7.490795e-01 9.699832e-03 9.699832e-03 7.042311e-03 1.027879e-02
1.000000e+01 7.408590e-01 1.039506e-02 1.039506e-02 5.110210e-03 9.935780e-03
1.200000e+01 7.301680e-01 9.912218e-03 9.912218e-03 5.636171e-03 6.432918e-03
1.400000e+01 7.207792e-01 9.824172e-03 9.824172e-03 6.713962e-03 6.514302e-03
1.600000e+01 7.123526e-01 1.000737e-02 1.000737e-02 5.532223e-03 4.934909e-03
2.000000e+01 6.981508e-01 1.033137e-02 1.033137e-02 8.633235e-03 4.199583e-03
2.500000e+01 6.835993e-01 1.068206e-02 1.068206e-02 6.169123e-03 3.216350e-03
3.000000e+01 6.715192e-01 1.108977e-02 1.108977e-02 6.478806e-03 2.935467e-03
5.000000e+01 6.352945e-01 1.222039e-02 1.222039e-02 6.905255e-03 4.518945e-03
7.000000e+01 6.087308e-01 1.252872e-02 1.252872e-02 7.577643e-03 5.602226e-03
1.000000e+02 5.769359e-01 1.213454e-02 1.213454e-02 9.321470e-03 8.112206e-03
