# Data for S_cms_v2 - EPPS21
# Columns: pT [GeV], Central, PDF_unc_minus, PDF_unc_plus, Scale_unc_minus, Scale_unc_plus

4.000000e+00 1.033786e+00 1.306770e-02 2.523440e-02 2.490520e-03 2.055684e-02
6.000000e+00 1.036105e+00 1.524386e-02 2.545010e-02 2.910813e-03 1.277810e-02
7.000000e+00 1.036846e+00 1.504398e-02 2.487762e-02 4.121021e-03 8.766819e-03
8.000000e+00 1.037588e+00 1.562820e-02 2.578627e-02 6.000488e-03 7.700179e-03
9.000000e+00 1.037259e+00 1.521947e-02 2.522991e-02 7.777731e-03 5.768254e-03
1.000000e+01 1.037042e+00 1.575494e-02 2.646904e-02 5.463924e-03 5.954103e-03
1.200000e+01 1.036483e+00 1.380724e-02 2.492386e-02 4.748727e-03 4.741487e-03
1.400000e+01 1.037426e+00 1.545614e-02 2.407682e-02 4.815194e-03 2.250966e-03
1.600000e+01 1.036972e+00 1.534913e-02 2.316158e-02 5.142833e-03 2.177275e-03
2.000000e+01 1.035527e+00 1.481367e-02 2.187288e-02 4.179362e-03 1.387505e-03
2.500000e+01 1.032982e+00 1.413937e-02 1.969119e-02 4.675677e-03 1.103710e-03
3.000000e+01 1.030325e+00 1.377886e-02 1.772972e-02 4.845470e-03 5.912279e-04
5.000000e+01 1.018834e+00 1.116206e-02 1.197246e-02 3.089490e-03 1.797208e-04
7.000000e+01 1.008319e+00 9.756258e-03 7.964433e-03 3.767335e-03 1.735717e-03
1.000000e+02 9.947736e-01 7.157028e-03 5.620066e-03 1.427453e-03 2.215172e-03
