# Data for S_cms_v3 - nCTEQ15HQ
# Columns: pT [GeV], Central, PDF_unc_minus, PDF_unc_plus, Scale_unc_minus, Scale_unc_plus

4.000000e+00 3.709661e-01 3.172383e-03 3.172383e-03 2.642913e-02 9.179150e-02
6.000000e+00 3.166650e-01 3.029087e-03 3.029087e-03 1.808861e-02 4.276352e-02
7.000000e+00 2.983472e-01 2.913811e-03 2.913811e-03 1.692915e-02 3.203219e-02
8.000000e+00 2.839077e-01 3.142654e-03 3.142654e-03 1.549570e-02 2.454110e-02
9.000000e+00 2.711881e-01 3.082734e-03 3.082734e-03 1.338079e-02 2.103774e-02
1.000000e+01 2.588946e-01 2.881587e-03 2.881587e-03 1.024722e-02 1.865031e-02
1.200000e+01 2.408487e-01 2.954780e-03 2.954780e-03 8.960755e-03 1.373011e-02
1.400000e+01 2.265082e-01 3.025957e-03 3.025957e-03 8.351045e-03 1.123817e-02
1.600000e+01 2.144691e-01 2.997839e-03 2.997839e-03 7.788867e-03 8.997156e-03
2.000000e+01 1.954142e-01 2.935310e-03 2.935310e-03 8.296357e-03 6.689589e-03
2.500000e+01 1.774752e-01 2.783944e-03 2.783944e-03 6.694151e-03 4.899180e-03
3.000000e+01 1.636825e-01 2.650741e-03 2.650741e-03 6.497297e-03 3.874520e-03
5.000000e+01 1.285728e-01 2.007524e-03 2.007524e-03 5.501565e-03 2.657845e-03
7.000000e+01 1.083407e-01 1.488573e-03 1.488573e-03 5.190168e-03 3.046792e-03
1.000000e+02 8.862910e-02 9.346815e-04 9.346815e-04 4.683145e-03 3.505900e-03
