# Data for S_cms_v1 - TUJU21nlo
# Columns: pT [GeV], Central, PDF_unc_minus, PDF_unc_plus, Scale_unc_minus, Scale_unc_plus

4.000000e+00 9.997344e-01 1.431445e-04 2.071441e-04 1.718081e-03 1.807895e-03
6.000000e+00 1.001262e+00 4.920270e-03 1.167471e-04 2.997615e-03 0.000000e+00
7.000000e+00 9.994182e-01 1.748436e-04 2.031319e-04 1.244721e-04 5.338856e-04
8.000000e+00 9.996438e-01 1.071308e-03 1.752161e-03 4.946967e-04 1.261828e-03
9.000000e+00 9.986106e-01 1.728145e-04 1.923233e-03 0.000000e+00 2.099409e-03
1.000000e+01 9.986228e-01 1.566544e-04 2.070356e-03 0.000000e+00 2.943896e-03
1.200000e+01 9.996918e-01 9.064338e-04 1.669661e-04 1.401653e-03 2.764084e-04
1.400000e+01 9.996368e-01 5.583625e-04 2.361519e-04 5.178727e-04 1.564615e-04
1.600000e+01 9.997379e-01 4.751702e-04 1.886065e-04 4.196504e-04 3.736571e-04
2.000000e+01 9.997543e-01 4.562061e-04 1.550438e-04 2.028119e-04 4.417105e-05
2.500000e+01 9.997772e-01 4.121663e-04 1.403587e-04 7.293889e-05 3.843344e-04
3.000000e+01 9.998147e-01 9.840556e-05 1.060327e-04 4.995001e-04 4.444148e-04
5.000000e+01 9.998472e-01 5.707080e-04 1.694938e-05 7.498429e-04 7.089991e-05
7.000000e+01 9.996793e-01 1.553677e-04 4.426371e-05 6.808905e-04 7.785417e-05
1.000000e+02 9.992432e-01 3.226189e-04 1.141471e-04 2.529681e-04 3.028868e-04
