# Data for S_cms_v4 - nCTEQ15HQ
# Columns: pT [GeV], Central, PDF_unc_minus, PDF_unc_plus, Scale_unc_minus, Scale_unc_plus

4.000000e+00 8.158098e-01 6.976544e-03 6.976544e-03 1.323400e-02 4.389390e-02
6.000000e+00 7.881202e-01 7.538834e-03 7.538834e-03 1.504076e-02 2.161702e-02
7.000000e+00 7.774375e-01 7.592851e-03 7.592851e-03 1.492721e-02 1.635558e-02
8.000000e+00 7.680043e-01 8.501255e-03 8.501255e-03 1.299369e-02 1.271212e-02
9.000000e+00 7.597032e-01 8.635934e-03 8.635934e-03 1.088959e-02 1.175865e-02
1.000000e+01 7.496100e-01 8.343419e-03 8.343419e-03 5.860367e-03 1.161660e-02
1.200000e+01 7.377070e-01 9.050335e-03 9.050335e-03 8.023011e-03 6.757817e-03
1.400000e+01 7.266612e-01 9.707576e-03 9.707576e-03 9.160565e-03 6.759416e-03
1.600000e+01 7.166469e-01 1.001726e-02 1.001726e-02 7.218833e-03 4.736700e-03
2.000000e+01 7.001855e-01 1.051746e-02 1.051746e-02 1.022272e-02 4.359803e-03
2.500000e+01 6.833549e-01 1.071937e-02 1.071937e-02 7.313811e-03 3.287354e-03
3.000000e+01 6.696799e-01 1.084507e-02 1.084507e-02 7.732213e-03 2.896553e-03
5.000000e+01 6.304479e-01 9.843755e-03 9.843755e-03 7.296757e-03 5.444427e-03
7.000000e+01 6.044998e-01 8.305670e-03 8.305670e-03 7.317046e-03 5.959583e-03
1.000000e+02 5.751921e-01 6.065969e-03 6.065969e-03 7.006459e-03 7.678605e-03
