# Data for S_cms_v1 - EPPS21
# Columns: pT [GeV], Central, PDF_unc_minus, PDF_unc_plus, Scale_unc_minus, Scale_unc_plus

4.000000e+00 9.980653e-01 3.482576e-03 1.448376e-03 4.732305e-03 1.078537e-03
6.000000e+00 9.979954e-01 2.408577e-03 1.169426e-03 2.910414e-03 7.564537e-04
7.000000e+00 9.980553e-01 2.703120e-03 1.346116e-03 1.209863e-03 1.205599e-03
8.000000e+00 9.983167e-01 2.165657e-03 1.063266e-03 1.011408e-03 1.432969e-03
9.000000e+00 9.982612e-01 2.020818e-03 1.045338e-03 2.888586e-04 9.387836e-04
1.000000e+01 9.981501e-01 6.225821e-03 1.071124e-03 0.000000e+00 7.772496e-04
1.200000e+01 9.978488e-01 1.531300e-03 3.464422e-03 5.619522e-04 1.360405e-03
1.400000e+01 9.990136e-01 1.216964e-03 6.980420e-04 3.117096e-03 2.175553e-04
1.600000e+01 9.990641e-01 1.016474e-03 6.195568e-04 0.000000e+00 4.505031e-04
2.000000e+01 9.995148e-01 6.184055e-04 3.878336e-04 1.471035e-03 1.158753e-04
2.500000e+01 9.996179e-01 4.516110e-04 3.029712e-04 2.196027e-04 8.822432e-05
3.000000e+01 9.997509e-01 3.129792e-04 2.195047e-04 3.152913e-04 7.376649e-05
5.000000e+01 9.993865e-01 4.348951e-05 9.328774e-04 2.452875e-04 1.297629e-03
7.000000e+01 1.000233e+00 1.986427e-03 5.071192e-05 1.180840e-03 0.000000e+00
1.000000e+02 9.992239e-01 1.017654e-04 7.738755e-05 6.675170e-05 4.414958e-04
