# Data for S_cms_v1 - nCTEQ15HQ
# Columns: pT [GeV], Central, PDF_unc_minus, PDF_unc_plus, Scale_unc_minus, Scale_unc_plus

4.000000e+00 9.941330e-01 5.252743e-04 5.252743e-04 1.756031e-03 5.313970e-03
6.000000e+00 9.993378e-01 7.116637e-04 7.116637e-04 4.736664e-03 1.108638e-03
7.000000e+00 9.993625e-01 2.241388e-03 2.241388e-03 4.960598e-03 2.304448e-04
8.000000e+00 9.995291e-01 4.865105e-04 4.865105e-04 4.974598e-03 8.621012e-05
9.000000e+00 9.994144e-01 6.435452e-04 6.435452e-04 3.031371e-03 2.786727e-04
1.000000e+01 9.995110e-01 1.734274e-03 1.734274e-03 4.030360e-04 3.784420e-04
1.200000e+01 9.996313e-01 1.201840e-03 1.201840e-03 1.521921e-03 1.316266e-04
1.400000e+01 9.998184e-01 3.745366e-04 3.745366e-04 3.498129e-03 0.000000e+00
1.600000e+01 9.996873e-01 4.543374e-04 4.543374e-04 0.000000e+00 2.133225e-04
2.000000e+01 9.998862e-01 1.720873e-04 1.720873e-04 1.420148e-03 2.848384e-05
2.500000e+01 9.997633e-01 1.873645e-04 1.873645e-04 2.873415e-04 7.261228e-05
3.000000e+01 9.998274e-01 1.614535e-04 1.614535e-04 6.932994e-05 8.626589e-05
5.000000e+01 9.997490e-01 3.430908e-04 3.430908e-04 4.498155e-04 4.537740e-05
7.000000e+01 9.996055e-01 4.143472e-05 4.143472e-05 3.204491e-05 2.502381e-05
1.000000e+02 9.988937e-01 2.104614e-05 2.104614e-05 4.906019e-05 6.141229e-03
