# Data for S_cms_v3 - nNNPDF30
# Columns: pT [GeV], Central, PDF_unc_minus, PDF_unc_plus, Scale_unc_minus, Scale_unc_plus

4.000000e+00 3.581534e-01 1.088212e-02 1.088212e-02 2.348305e-02 7.335528e-02
6.000000e+00 3.072202e-01 7.471044e-03 7.471044e-03 1.438564e-02 3.661705e-02
7.000000e+00 2.908301e-01 6.523829e-03 6.523829e-03 1.421774e-02 2.763968e-02
8.000000e+00 2.772473e-01 5.868618e-03 5.868618e-03 1.261659e-02 2.180030e-02
9.000000e+00 2.655280e-01 5.351679e-03 5.351679e-03 1.137319e-02 1.903958e-02
1.000000e+01 2.544387e-01 5.076261e-03 5.076261e-03 9.375118e-03 1.677805e-02
1.200000e+01 2.374792e-01 4.413791e-03 4.413791e-03 8.100111e-03 1.282383e-02
1.400000e+01 2.240764e-01 3.919862e-03 3.919862e-03 7.450193e-03 1.068297e-02
1.600000e+01 2.129273e-01 3.611427e-03 3.611427e-03 7.000734e-03 8.529559e-03
2.000000e+01 1.950830e-01 3.212665e-03 3.212665e-03 7.652578e-03 6.472077e-03
2.500000e+01 1.781803e-01 2.944035e-03 2.944035e-03 6.549563e-03 4.774330e-03
3.000000e+01 1.650078e-01 2.833856e-03 2.833856e-03 5.935481e-03 3.842018e-03
5.000000e+01 1.307879e-01 2.717321e-03 2.717321e-03 5.450451e-03 2.550411e-03
7.000000e+01 1.102042e-01 2.570384e-03 2.570384e-03 5.306891e-03 2.979551e-03
1.000000e+02 8.975475e-02 2.242072e-03 2.242072e-03 5.333991e-03 3.675385e-03
