# Data for S_cms_v3 - EPPS21
# Columns: pT [GeV], Central, PDF_unc_minus, PDF_unc_plus, Scale_unc_minus, Scale_unc_plus

4.000000e+00 3.765599e-01 8.537054e-03 1.044986e-02 2.666049e-02 9.432974e-02
6.000000e+00 3.213573e-01 7.598118e-03 8.655936e-03 1.701568e-02 4.485725e-02
7.000000e+00 3.030830e-01 6.957468e-03 8.009538e-03 1.624762e-02 3.402159e-02
8.000000e+00 2.888706e-01 6.610514e-03 7.765536e-03 1.515055e-02 2.603343e-02
9.000000e+00 2.760663e-01 6.114649e-03 7.270146e-03 1.386960e-02 2.228817e-02
1.000000e+01 2.637250e-01 5.194245e-03 7.959816e-03 1.099487e-02 1.995527e-02
1.200000e+01 2.454670e-01 4.810343e-03 6.436469e-03 8.535379e-03 1.482638e-02
1.400000e+01 2.312627e-01 4.759040e-03 5.895889e-03 8.227583e-03 1.174333e-02
1.600000e+01 2.191033e-01 4.368262e-03 5.460021e-03 7.757798e-03 9.496287e-03
2.000000e+01 1.996605e-01 3.723706e-03 4.835195e-03 8.830174e-03 6.986950e-03
2.500000e+01 1.812302e-01 3.150521e-03 4.163107e-03 7.296203e-03 5.122322e-03
3.000000e+01 1.669271e-01 2.811459e-03 3.682456e-03 6.677091e-03 4.005807e-03
5.000000e+01 1.300528e-01 1.988274e-03 2.680359e-03 5.829804e-03 2.688483e-03
7.000000e+01 1.085631e-01 1.628677e-03 2.177377e-03 5.553882e-03 3.249983e-03
1.000000e+02 8.772184e-02 1.177228e-03 1.852216e-03 5.248835e-03 3.607064e-03
