# Data for S_cms_v2 - TUJU21nlo
# Columns: pT [GeV], Central, PDF_unc_minus, PDF_unc_plus, Scale_unc_minus, Scale_unc_plus

4.000000e+00 1.016362e+00 4.724950e-03 3.048235e-03 2.388246e-03 8.502360e-03
6.000000e+00 1.012610e+00 4.159292e-03 3.018665e-03 0.000000e+00 6.513311e-03
7.000000e+00 1.014420e+00 4.927207e-03 3.089146e-03 1.798449e-03 5.818577e-03
8.000000e+00 1.013815e+00 4.917065e-03 6.077171e-03 2.430769e-03 3.468852e-03
9.000000e+00 1.015045e+00 6.903082e-03 2.600421e-03 4.102081e-03 1.264554e-03
1.000000e+01 1.012446e+00 3.345041e-03 5.090112e-03 2.848573e-03 5.824791e-03
1.200000e+01 1.013128e+00 5.135014e-03 3.361640e-03 1.954710e-03 1.518053e-03
1.400000e+01 1.013030e+00 5.376733e-03 3.661726e-03 2.379665e-03 1.091743e-03
1.600000e+01 1.012833e+00 5.544166e-03 3.863086e-03 2.306676e-03 8.853734e-04
2.000000e+01 1.012324e+00 5.785179e-03 4.164080e-03 2.155428e-03 7.134032e-04
2.500000e+01 1.011509e+00 5.991224e-03 4.505151e-03 2.557828e-03 7.885879e-04
3.000000e+01 1.010518e+00 6.093328e-03 4.769728e-03 3.005905e-03 6.862218e-04
5.000000e+01 1.005320e+00 6.663094e-03 5.586741e-03 2.533311e-03 5.983505e-04
7.000000e+01 9.983456e-01 8.479546e-03 6.191750e-03 2.151653e-03 7.874674e-04
1.000000e+02 9.865508e-01 1.235339e-02 7.414910e-03 2.803005e-03 1.475649e-03
