# Data for S_cms_v1 - nNNPDF30
# Columns: pT [GeV], Central, PDF_unc_minus, PDF_unc_plus, Scale_unc_minus, Scale_unc_plus

4.000000e+00 9.998928e-01 6.836909e-04 6.836909e-04 2.638444e-04 1.236288e-03
6.000000e+00 9.998149e-01 6.416881e-04 6.416881e-04 2.421360e-03 3.108722e-04
7.000000e+00 9.997083e-01 1.006512e-03 1.006512e-03 1.281115e-03 1.616513e-03
8.000000e+00 9.998592e-01 1.083581e-03 1.083581e-03 1.946141e-03 3.187646e-04
9.000000e+00 9.994122e-01 9.978138e-04 9.978138e-04 -5.284870e-06 1.863117e-03
1.000000e+01 9.994111e-01 9.633550e-04 9.633550e-04 4.684674e-04 2.051733e-03
1.200000e+01 9.994727e-01 9.160614e-04 9.160614e-04 4.213241e-04 7.111098e-04
1.400000e+01 9.994811e-01 8.257289e-04 8.257289e-04 1.483183e-03 4.158329e-04
1.600000e+01 9.994412e-01 8.336298e-04 8.336298e-04 -2.671902e-04 5.451243e-04
2.000000e+01 9.994733e-01 7.905482e-04 7.905482e-04 3.474734e-04 7.448957e-04
2.500000e+01 9.995203e-01 7.649199e-04 7.649199e-04 1.269788e-04 3.178842e-04
3.000000e+01 9.995098e-01 7.325716e-04 7.325716e-04 3.372270e-04 7.068724e-04
5.000000e+01 9.995090e-01 7.430452e-04 7.430452e-04 2.030921e-04 2.885352e-04
7.000000e+01 9.994741e-01 7.961998e-04 7.961998e-04 4.241377e-04 1.898415e-04
1.000000e+02 9.991903e-01 5.002583e-04 5.002583e-04 2.399731e-04 2.413539e-04
