# Data for S_cms_v2 - nCTEQ15HQ
# Columns: pT [GeV], Central, PDF_unc_minus, PDF_unc_plus, Scale_unc_minus, Scale_unc_plus

4.000000e+00 1.018389e+00 8.708939e-03 8.708939e-03 3.033193e-03 1.182737e-02
6.000000e+00 1.020901e+00 9.765523e-03 9.765523e-03 7.439573e-03 5.911541e-03
7.000000e+00 1.020511e+00 9.966828e-03 9.966828e-03 7.447192e-03 3.985539e-03
8.000000e+00 1.019597e+00 1.128620e-02 1.128620e-02 8.184481e-03 3.025195e-03
9.000000e+00 1.018734e+00 1.158047e-02 1.158047e-02 6.675314e-03 2.773569e-03
1.000000e+01 1.017831e+00 1.132882e-02 1.132882e-02 3.154768e-03 2.439759e-03
1.200000e+01 1.016730e+00 1.247345e-02 1.247345e-02 3.984248e-03 1.408851e-03
1.400000e+01 1.015783e+00 1.357000e-02 1.357000e-02 2.542478e-03 1.079564e-03
1.600000e+01 1.014651e+00 1.418274e-02 1.418274e-02 1.855412e-03 8.022984e-04
2.000000e+01 1.012995e+00 1.521616e-02 1.521616e-02 2.027563e-03 5.439392e-04
2.500000e+01 1.010954e+00 1.585821e-02 1.585821e-02 1.347221e-03 4.801670e-04
3.000000e+01 1.009574e+00 1.634946e-02 1.634946e-02 9.199385e-04 2.981648e-04
5.000000e+01 1.006327e+00 1.571269e-02 1.571269e-02 9.092651e-04 3.232499e-04
7.000000e+01 1.005414e+00 1.381412e-02 1.381412e-02 2.775310e-04 3.096721e-04
1.000000e+02 1.004518e+00 1.059363e-02 1.059363e-02 7.523627e-04 6.546417e-03
