# Data for S_cms_v4 - TUJU21nlo
# Columns: pT [GeV], Central, PDF_unc_minus, PDF_unc_plus, Scale_unc_minus, Scale_unc_plus

4.000000e+00 8.138562e-01 4.073121e-03 2.235236e-03 1.311764e-02 3.970174e-02
6.000000e+00 7.829164e-01 3.561842e-03 2.235882e-03 1.141733e-02 2.137840e-02
7.000000e+00 7.731571e-01 3.694512e-03 2.411700e-03 1.027739e-02 1.497982e-02
8.000000e+00 7.633918e-01 3.533603e-03 2.333951e-03 9.668530e-03 1.349475e-02
9.000000e+00 7.529926e-01 4.686035e-03 2.209639e-03 6.233350e-03 1.350828e-02
1.000000e+01 7.457560e-01 3.514716e-03 2.696352e-03 6.442221e-03 1.097147e-02
1.200000e+01 7.340407e-01 3.700142e-03 2.430558e-03 8.665655e-03 7.583426e-03
1.400000e+01 7.232108e-01 3.753899e-03 2.675397e-03 8.269686e-03 5.677071e-03
1.600000e+01 7.134959e-01 3.794392e-03 2.773362e-03 1.036611e-02 5.218734e-03
2.000000e+01 6.968246e-01 3.852985e-03 2.929851e-03 9.961211e-03 4.181243e-03
2.500000e+01 6.800557e-01 3.892822e-03 3.050609e-03 7.766307e-03 2.879146e-03
3.000000e+01 6.654409e-01 3.868702e-03 3.158769e-03 7.743063e-03 3.022447e-03
5.000000e+01 6.220336e-01 4.276713e-03 3.456782e-03 8.744257e-03 5.855989e-03
7.000000e+01 5.904591e-01 4.923910e-03 3.883255e-03 9.399924e-03 7.287044e-03
1.000000e+02 5.542056e-01 6.288905e-03 4.735303e-03 9.324585e-03 9.952207e-03
