# Data for S_cms_v4 - EPPS21
# Columns: pT [GeV], Central, PDF_unc_minus, PDF_unc_plus, Scale_unc_minus, Scale_unc_plus

4.000000e+00 8.279611e-01 9.428433e-03 1.984641e-02 1.269711e-02 4.675155e-02
6.000000e+00 7.998242e-01 1.182527e-02 1.947390e-02 1.177159e-02 2.523222e-02
7.000000e+00 7.898289e-01 1.159648e-02 1.880180e-02 1.256930e-02 2.014579e-02
8.000000e+00 7.814863e-01 1.199048e-02 1.931314e-02 1.145078e-02 1.552166e-02
9.000000e+00 7.734443e-01 1.155496e-02 1.871019e-02 1.177790e-02 1.425338e-02
1.000000e+01 7.636946e-01 1.059512e-02 2.075499e-02 7.641769e-03 1.442573e-02
1.200000e+01 7.519768e-01 1.189008e-02 1.786844e-02 6.524395e-03 9.317353e-03
1.400000e+01 7.420603e-01 1.118105e-02 1.721318e-02 9.572457e-03 7.720346e-03
1.600000e+01 7.323112e-01 1.092723e-02 1.638377e-02 8.936850e-03 5.801338e-03
2.000000e+01 7.156261e-01 1.023903e-02 1.519871e-02 1.182668e-02 4.959083e-03
2.500000e+01 6.981005e-01 9.484461e-03 1.344433e-02 8.011978e-03 3.778388e-03
3.000000e+01 6.832834e-01 9.012310e-03 1.198926e-02 8.098361e-03 3.154842e-03
5.000000e+01 6.381239e-01 6.784507e-03 8.031591e-03 8.727937e-03 5.001434e-03
7.000000e+01 6.061452e-01 5.605369e-03 5.466402e-03 9.399779e-03 7.040521e-03
1.000000e+02 5.695896e-01 3.848380e-03 4.256911e-03 9.542106e-03 8.804924e-03
