# Data for S_cms_v2 - nNNPDF30
# Columns: pT [GeV], Central, PDF_unc_minus, PDF_unc_plus, Scale_unc_minus, Scale_unc_plus

4.000000e+00 1.003571e+00 1.324979e-02 1.324979e-02 3.460895e-04 2.791858e-03
6.000000e+00 1.004990e+00 1.305809e-02 1.305809e-02 2.020131e-03 1.750665e-03
7.000000e+00 1.005128e+00 1.312348e-02 1.312348e-02 1.816668e-03 4.838308e-03
8.000000e+00 1.005674e+00 1.317206e-02 1.317206e-02 1.485088e-03 3.424883e-03
9.000000e+00 1.006022e+00 1.377075e-02 1.377075e-02 1.456878e-03 4.735588e-03
1.000000e+01 1.007020e+00 1.456994e-02 1.456994e-02 2.548444e-03 1.221149e-03
1.200000e+01 1.007149e+00 1.421712e-02 1.421712e-02 1.321581e-03 1.354499e-03
1.400000e+01 1.007147e+00 1.423124e-02 1.423124e-02 1.269138e-03 2.769718e-03
1.600000e+01 1.007621e+00 1.462161e-02 1.462161e-02 1.486698e-03 9.092670e-04
2.000000e+01 1.008298e+00 1.533395e-02 1.533395e-02 8.936583e-04 6.833805e-04
2.500000e+01 1.008966e+00 1.617841e-02 1.617841e-02 8.681215e-04 6.776313e-04
3.000000e+01 1.009509e+00 1.697007e-02 1.697007e-02 9.706092e-04 7.034099e-04
5.000000e+01 1.010416e+00 1.929053e-02 1.929053e-02 1.932555e-03 5.830328e-04
7.000000e+01 1.009469e+00 2.032118e-02 2.032118e-02 1.662255e-03 2.096781e-04
1.000000e+02 1.005884e+00 2.070660e-02 2.070660e-02 8.402162e-04 4.737054e-04
