# Data for S_cms_v3 - TUJU21nlo
# Columns: pT [GeV], Central, PDF_unc_minus, PDF_unc_plus, Scale_unc_minus, Scale_unc_plus

4.000000e+00 3.699410e-01 2.298041e-03 1.844527e-03 2.617461e-02 9.033067e-02
6.000000e+00 3.148216e-01 2.040251e-03 1.483223e-03 1.754785e-02 4.258366e-02
7.000000e+00 2.968881e-01 1.914609e-03 1.617869e-03 1.599431e-02 3.161123e-02
8.000000e+00 2.817830e-01 1.543104e-03 1.623240e-03 1.451417e-02 2.537792e-02
9.000000e+00 2.684787e-01 2.268747e-03 1.395656e-03 1.241943e-02 2.161611e-02
1.000000e+01 2.565000e-01 1.361260e-03 2.032686e-03 9.913885e-03 1.899181e-02
1.200000e+01 2.388829e-01 1.716597e-03 1.396134e-03 8.843861e-03 1.378706e-02
1.400000e+01 2.244399e-01 1.662840e-03 1.444573e-03 8.289682e-03 1.060509e-02
1.600000e+01 2.122930e-01 1.616671e-03 1.419305e-03 8.680240e-03 8.807502e-03
2.000000e+01 1.928785e-01 1.552631e-03 1.386029e-03 9.240010e-03 6.381696e-03
2.500000e+01 1.745226e-01 1.465960e-03 1.344421e-03 7.514199e-03 4.607304e-03
3.000000e+01 1.601640e-01 1.384142e-03 1.318758e-03 6.760259e-03 3.780776e-03
5.000000e+01 1.233100e-01 1.255821e-03 1.230522e-03 6.088902e-03 2.868849e-03
7.000000e+01 1.017293e-01 1.144070e-03 1.194497e-03 5.606612e-03 3.672669e-03
1.000000e+02 8.130797e-02 1.149767e-03 1.142423e-03 5.022441e-03 3.954430e-03
