# Data for S_fwd - pO
# Columns: pT [GeV], Central, PDF_unc_minus, PDF_unc_plus, Scale_unc_minus, Scale_unc_plus

4.000000e+00 1.037756e+00 7.116919e-01 2.277205e+00 2.701122e-01 1.046656e+01
6.000000e+00 1.141219e+00 1.828873e-01 3.921762e-01 1.622475e-01 4.701738e-01
7.000000e+00 1.194194e+00 2.622779e-01 8.374652e-02 8.853988e-02 1.052294e-03
8.000000e+00 1.184798e+00 2.254833e-01 4.025131e-02 6.945327e-02 1.882169e-02
9.000000e+00 1.139157e+00 6.709750e-02 1.106310e-01 3.309049e-02 1.244791e-02
1.000000e+01 1.122590e+00 4.703493e-02 1.174271e-01 0.000000e+00 3.014231e-02
1.200000e+01 1.110875e+00 4.603363e-02 1.000454e-01 1.522975e-02 2.473481e-02
1.400000e+01 1.103163e+00 5.688674e-02 7.629461e-02 1.188748e-02 4.698072e-03
1.600000e+01 1.090561e+00 4.416011e-02 7.385474e-02 8.383740e-03 4.957835e-03
2.000000e+01 1.068691e+00 3.698731e-02 6.553397e-02 8.017503e-03 9.066593e-03
2.500000e+01 1.047129e+00 3.738747e-02 5.331422e-02 7.074434e-03 7.205417e-03
3.000000e+01 1.031256e+00 3.541892e-02 4.727201e-02 7.870665e-03 4.697531e-03
5.000000e+01 9.804204e-01 2.766746e-02 2.840453e-02 5.259621e-03 2.783866e-03
7.000000e+01 9.485581e-01 2.557059e-02 2.258426e-02 4.364912e-03 2.098435e-03
