# Data for S_fwd - OppO
# Columns: pT [GeV], Central, PDF_unc_minus, PDF_unc_plus, Scale_unc_minus, Scale_unc_plus

4.000000e+00 9.738468e-01 7.202284e-01 1.308595e+00 6.211106e-01 2.202011e+00
6.000000e+00 9.990033e-01 1.692297e-01 1.637173e-01 1.114746e-01 1.698916e-01
7.000000e+00 1.030256e+00 1.751486e-01 2.416746e-02 5.261753e-02 4.765674e-03
8.000000e+00 1.020489e+00 1.153364e-01 5.195566e-03 3.200482e-02 4.686527e-03
9.000000e+00 1.009226e+00 6.099003e-02 1.378466e-02 2.831108e-02 1.946886e-03
1.000000e+01 1.001145e+00 3.573437e-02 2.670750e-02 1.500664e-02 2.755781e-02
1.200000e+01 9.952085e-01 6.707553e-03 3.278222e-02 8.122628e-03 1.247849e-02
1.400000e+01 1.000431e+00 9.682262e-03 1.065835e-02 2.983330e-03 4.143916e-03
1.600000e+01 9.984624e-01 1.959285e-03 1.798572e-02 3.971882e-03 3.363104e-03
2.000000e+01 1.001469e+00 1.044420e-02 8.075213e-03 4.440626e-03 4.406406e-03
2.500000e+01 9.984668e-01 2.145756e-03 1.365101e-02 2.516280e-03 4.095404e-03
3.000000e+01 1.000288e+00 6.175380e-03 7.752935e-03 4.970185e-03 1.476306e-03
5.000000e+01 1.000624e+00 2.512938e-03 7.150625e-04 1.658555e-04 3.259649e-04
7.000000e+01 1.000614e+00 1.897403e-04 2.677591e-04 3.292978e-04 2.709961e-04
