# Data for S_fwd - Op
# Columns: pT [GeV], Central, PDF_unc_minus, PDF_unc_plus, Scale_unc_minus, Scale_unc_plus

4.000000e+00 9.138738e-01 9.452281e-01 1.306156e+00 7.517897e-01 4.616857e-01
6.000000e+00 8.745105e-01 2.417014e-01 1.224410e-01 1.323954e-01 9.076411e-02
7.000000e+00 8.888228e-01 1.718085e-01 3.985187e-02 5.322837e-02 2.612967e-02
8.000000e+00 8.789661e-01 1.018954e-01 4.551643e-02 2.505252e-02 1.530824e-02
9.000000e+00 8.941154e-01 1.303935e-01 2.771579e-02 2.715498e-02 1.563859e-03
1.000000e+01 8.928376e-01 1.064027e-01 2.868792e-02 4.106601e-02 2.518013e-02
1.200000e+01 8.915850e-01 5.577910e-02 6.023276e-02 3.731917e-03 1.450340e-02
1.400000e+01 9.072659e-01 6.131353e-02 4.621832e-02 8.186163e-03 1.397220e-02
1.600000e+01 9.141420e-01 4.889183e-02 5.229687e-02 6.337589e-03 1.030745e-02
2.000000e+01 9.384753e-01 5.750700e-02 3.205469e-02 8.509504e-03 5.974257e-03
2.500000e+01 9.520661e-01 3.914254e-02 4.540856e-02 1.338759e-03 1.012155e-02
3.000000e+01 9.702492e-01 3.924495e-02 3.294698e-02 8.140817e-03 8.540766e-03
5.000000e+01 1.021243e+00 2.988471e-02 2.821427e-02 2.883850e-03 5.290183e-03
7.000000e+01 1.055527e+00 2.436923e-02 2.875862e-02 2.888708e-03 4.194979e-03
