# Data for S_lab_v1 - TUJU21nlo
# Columns: pT [GeV], Central, PDF_unc_minus, PDF_unc_plus, Scale_unc_minus, Scale_unc_plus

4.000000e+00 1.001748e+00 1.524863e-03 2.396570e-03 3.405807e-03 2.998461e-03
6.000000e+00 1.007465e+00 2.016048e-03 2.216530e-03 3.636501e-03 0.000000e+00
7.000000e+00 1.007320e+00 1.828914e-03 2.743845e-03 8.916613e-04 3.644491e-03
8.000000e+00 1.008783e+00 1.593306e-03 3.469578e-03 9.816587e-04 1.688220e-03
9.000000e+00 1.010410e+00 2.023372e-03 2.434823e-03 2.018003e-03 3.004284e-03
1.000000e+01 1.011503e+00 2.291565e-03 3.634648e-03 2.041052e-03 2.643256e-03
1.200000e+01 1.012516e+00 1.980018e-03 3.686993e-03 7.986199e-04 3.505043e-03
1.400000e+01 1.013866e+00 2.015136e-03 3.147774e-03 5.593527e-04 5.795211e-03
1.600000e+01 1.014924e+00 2.137780e-03 2.839327e-03 2.516230e-04 2.434008e-03
2.000000e+01 1.017249e+00 2.317183e-03 2.817272e-03 6.689838e-05 2.052659e-03
2.500000e+01 1.019746e+00 2.494511e-03 2.830556e-03 9.451242e-05 2.412722e-03
3.000000e+01 1.021959e+00 2.572978e-03 2.824755e-03 3.015786e-04 2.009591e-03
5.000000e+01 1.028290e+00 2.850466e-03 3.639055e-03 1.730050e-04 1.379330e-03
7.000000e+01 1.033234e+00 4.108352e-03 4.980449e-03 1.392371e-04 1.716408e-03
1.000000e+02 1.040017e+00 5.811111e-03 7.536360e-03 1.854632e-04 1.318519e-03
