# Data for S_lab_v1 - nCTEQ15HQ
# Columns: pT [GeV], Central, PDF_unc_minus, PDF_unc_plus, Scale_unc_minus, Scale_unc_plus

4.000000e+00 9.923874e-01 4.508214e-03 4.508214e-03 5.867537e-03 6.345314e-03
6.000000e+00 1.002493e+00 5.860136e-03 5.860136e-03 5.628157e-03 1.692512e-03
7.000000e+00 1.004000e+00 7.476165e-03 7.476165e-03 4.648625e-03 1.890658e-03
8.000000e+00 1.006207e+00 6.656690e-03 6.656690e-03 4.786524e-03 2.890316e-03
9.000000e+00 1.007636e+00 6.753125e-03 6.753125e-03 3.356636e-03 1.119122e-03
1.000000e+01 1.008726e+00 7.661104e-03 7.661104e-03 1.160131e-03 1.342720e-03
1.200000e+01 1.012759e+00 7.889836e-03 7.889836e-03 2.925665e-03 1.784053e-03
1.400000e+01 1.014779e+00 7.478915e-03 7.478915e-03 2.147487e-03 6.935560e-04
1.600000e+01 1.015955e+00 7.642609e-03 7.642609e-03 2.081158e-03 3.710878e-03
2.000000e+01 1.018462e+00 7.933293e-03 7.933293e-03 1.634380e-03 0.000000e+00
2.500000e+01 1.019287e+00 8.146851e-03 8.146851e-03 4.012702e-04 2.079683e-03
3.000000e+01 1.021061e+00 7.993746e-03 7.993746e-03 9.063255e-04 7.622667e-04
5.000000e+01 1.023142e+00 6.392638e-03 6.392638e-03 8.204766e-04 1.446782e-03
7.000000e+01 1.023459e+00 4.460469e-03 4.460469e-03 4.120959e-04 2.490620e-03
1.000000e+02 1.023990e+00 2.907944e-03 2.907944e-03 0.000000e+00 7.049110e-03
