# Data for S_lab_v3 - nCTEQ15HQ
# Columns: pT [GeV], Central, PDF_unc_minus, PDF_unc_plus, Scale_unc_minus, Scale_unc_plus

4.000000e+00 3.689198e-01 1.829184e-03 1.829184e-03 2.512312e-02 8.922929e-02
6.000000e+00 3.167114e-01 1.800687e-03 1.800687e-03 1.772492e-02 4.211828e-02
7.000000e+00 2.985518e-01 1.454034e-03 1.454034e-03 1.622925e-02 3.165535e-02
8.000000e+00 2.847853e-01 1.667656e-03 1.667656e-03 1.565405e-02 2.422604e-02
9.000000e+00 2.723849e-01 1.728168e-03 1.728168e-03 1.320546e-02 2.053550e-02
1.000000e+01 2.610674e-01 1.567603e-03 1.567603e-03 1.073122e-02 1.770471e-02
1.200000e+01 2.430783e-01 2.559731e-03 2.559731e-03 9.288497e-03 1.372851e-02
1.400000e+01 2.284830e-01 1.651682e-03 1.651682e-03 8.249814e-03 1.104953e-02
1.600000e+01 2.166322e-01 1.636985e-03 1.636985e-03 7.754072e-03 9.205445e-03
2.000000e+01 1.978310e-01 1.606221e-03 1.606221e-03 7.267031e-03 6.603792e-03
2.500000e+01 1.800748e-01 1.552910e-03 1.552910e-03 6.687123e-03 4.982757e-03
3.000000e+01 1.663636e-01 1.466540e-03 1.466540e-03 6.491253e-03 3.937058e-03
5.000000e+01 1.312089e-01 1.108942e-03 1.108942e-03 5.592476e-03 2.786159e-03
7.000000e+01 1.107332e-01 8.169907e-04 8.169907e-04 5.293160e-03 3.249714e-03
1.000000e+02 9.059886e-02 5.166405e-04 5.166405e-04 4.682741e-03 3.663576e-03
