# Data for S_lab_v4 - EPPS21
# Columns: pT [GeV], Central, PDF_unc_minus, PDF_unc_plus, Scale_unc_minus, Scale_unc_plus

4.000000e+00 8.215397e-01 7.025220e-03 9.807132e-03 1.183040e-02 4.321858e-02
6.000000e+00 7.950745e-01 6.698063e-03 9.966787e-03 1.161476e-02 2.332712e-02
7.000000e+00 7.849052e-01 6.461892e-03 9.538802e-03 1.133350e-02 1.859865e-02
8.000000e+00 7.774838e-01 6.337148e-03 9.252120e-03 1.106758e-02 1.490783e-02
9.000000e+00 7.704515e-01 6.292696e-03 9.105036e-03 9.880901e-03 1.223170e-02
1.000000e+01 7.635191e-01 6.361978e-03 9.002696e-03 8.643101e-03 1.037653e-02
1.200000e+01 7.518299e-01 7.563150e-03 8.540443e-03 7.366288e-03 8.154048e-03
1.400000e+01 7.409705e-01 5.893853e-03 8.461232e-03 8.029533e-03 6.303920e-03
1.600000e+01 7.319642e-01 5.728464e-03 8.122491e-03 6.901498e-03 5.950614e-03
2.000000e+01 7.167980e-01 5.439640e-03 7.532676e-03 7.560513e-03 4.026529e-03
2.500000e+01 7.007848e-01 5.056454e-03 6.736048e-03 7.148825e-03 3.535915e-03
3.000000e+01 6.872231e-01 4.727455e-03 6.057864e-03 7.459352e-03 2.972531e-03
5.000000e+01 6.463384e-01 3.683665e-03 4.467411e-03 8.240410e-03 6.347378e-03
7.000000e+01 6.171442e-01 3.347388e-03 3.233982e-03 8.909888e-03 6.699430e-03
1.000000e+02 5.834929e-01 2.381240e-03 3.063879e-03 9.542395e-03 8.781715e-03
