# Data for S_lab_v4 - nNNPDF30
# Columns: pT [GeV], Central, PDF_unc_minus, PDF_unc_plus, Scale_unc_minus, Scale_unc_plus

4.000000e+00 8.053781e-01 6.371227e-03 6.371227e-03 1.016859e-02 3.119437e-02
6.000000e+00 7.802164e-01 5.816847e-03 5.816847e-03 8.358497e-03 1.629976e-02
7.000000e+00 7.714203e-01 5.453472e-03 5.453472e-03 8.607853e-03 1.319739e-02
8.000000e+00 7.638758e-01 5.130109e-03 5.130109e-03 7.890152e-03 1.060583e-02
9.000000e+00 7.574310e-01 5.104550e-03 5.104550e-03 6.968492e-03 9.330905e-03
1.000000e+01 7.501075e-01 5.836365e-03 5.836365e-03 5.660670e-03 8.899850e-03
1.200000e+01 7.392520e-01 5.504225e-03 5.504225e-03 5.476420e-03 7.542876e-03
1.400000e+01 7.302128e-01 5.349705e-03 5.349705e-03 6.221074e-03 5.781752e-03
1.600000e+01 7.219754e-01 5.360364e-03 5.360364e-03 5.513745e-03 5.893342e-03
2.000000e+01 7.082844e-01 5.534514e-03 5.534514e-03 5.618904e-03 3.894740e-03
2.500000e+01 6.941779e-01 5.830250e-03 5.830250e-03 6.212888e-03 3.479191e-03
3.000000e+01 6.823887e-01 6.157282e-03 6.157282e-03 6.411238e-03 3.124914e-03
5.000000e+01 6.468207e-01 7.089560e-03 7.089560e-03 7.015231e-03 5.178428e-03
7.000000e+01 6.207699e-01 7.496842e-03 7.496842e-03 7.652968e-03 6.639863e-03
1.000000e+02 5.893173e-01 7.445867e-03 7.445867e-03 8.655903e-03 8.005891e-03
