# Data for S_lab_v4 - nCTEQ15HQ
# Columns: pT [GeV], Central, PDF_unc_minus, PDF_unc_plus, Scale_unc_minus, Scale_unc_plus

4.000000e+00 8.113097e-01 4.022648e-03 4.022648e-03 1.164867e-02 3.983239e-02
6.000000e+00 7.882356e-01 4.481575e-03 4.481575e-03 1.409443e-02 2.015246e-02
7.000000e+00 7.779706e-01 3.788942e-03 3.788942e-03 1.300959e-02 1.610635e-02
8.000000e+00 7.703783e-01 4.511209e-03 4.511209e-03 1.334454e-02 1.167880e-02
9.000000e+00 7.630557e-01 4.841269e-03 4.841269e-03 1.025688e-02 1.023955e-02
1.000000e+01 7.559012e-01 4.538878e-03 4.538878e-03 7.389701e-03 8.691283e-03
1.200000e+01 7.445359e-01 7.840323e-03 7.840323e-03 8.989735e-03 6.173320e-03
1.400000e+01 7.329966e-01 5.298762e-03 5.298762e-03 8.006559e-03 5.934151e-03
1.600000e+01 7.238748e-01 5.469971e-03 5.469971e-03 6.532714e-03 5.163932e-03
2.000000e+01 7.088451e-01 5.755225e-03 5.755225e-03 6.787720e-03 3.826214e-03
2.500000e+01 6.933646e-01 5.979365e-03 5.979365e-03 7.004971e-03 3.379990e-03
3.000000e+01 6.806495e-01 6.000106e-03 6.000106e-03 7.385218e-03 2.940274e-03
5.000000e+01 6.433738e-01 5.437621e-03 5.437621e-03 7.335543e-03 5.774965e-03
7.000000e+01 6.178492e-01 4.558497e-03 4.558497e-03 7.411329e-03 6.834558e-03
1.000000e+02 5.879755e-01 3.352933e-03 3.352933e-03 6.281334e-03 8.284239e-03
