# Data for S_lab_v2 - nCTEQ15HQ
# Columns: pT [GeV], Central, PDF_unc_minus, PDF_unc_plus, Scale_unc_minus, Scale_unc_plus

4.000000e+00 1.012772e+00 5.021540e-03 5.021540e-03 1.103176e-03 1.111578e-02
6.000000e+00 1.021051e+00 5.805265e-03 5.805265e-03 8.286371e-03 4.051205e-03
7.000000e+00 1.021211e+00 4.973591e-03 4.973591e-03 4.890977e-03 4.061738e-03
8.000000e+00 1.022748e+00 5.989046e-03 5.989046e-03 8.625971e-03 2.327264e-03
9.000000e+00 1.023229e+00 6.491961e-03 6.491961e-03 5.784689e-03 2.731549e-03
1.000000e+01 1.026374e+00 6.162955e-03 6.162955e-03 4.805398e-03 0.000000e+00
1.200000e+01 1.026142e+00 1.080577e-02 1.080577e-02 3.843618e-03 9.072026e-04
1.400000e+01 1.024639e+00 7.407019e-03 7.407019e-03 1.144174e-03 2.651659e-03
1.600000e+01 1.024884e+00 7.744554e-03 7.744554e-03 2.405235e-04 3.141651e-03
2.000000e+01 1.025524e+00 8.326387e-03 8.326387e-03 5.744275e-04 4.063004e-03
2.500000e+01 1.025762e+00 8.845859e-03 8.845859e-03 4.774210e-04 1.426410e-03
3.000000e+01 1.026112e+00 9.045445e-03 9.045445e-03 2.637367e-04 8.861273e-04
5.000000e+01 1.026959e+00 8.679579e-03 8.679579e-03 7.491093e-04 2.342106e-03
7.000000e+01 1.027617e+00 7.581763e-03 7.581763e-03 2.637889e-04 1.925578e-03
1.000000e+02 1.026843e+00 5.855576e-03 5.855576e-03 1.903022e-04 7.778302e-03
