# Data for S_lab_v2 - nNNPDF30
# Columns: pT [GeV], Central, PDF_unc_minus, PDF_unc_plus, Scale_unc_minus, Scale_unc_plus

4.000000e+00 1.009757e+00 7.237282e-03 7.237282e-03 -1.741536e-04 2.866551e-03
6.000000e+00 1.013587e+00 7.288252e-03 7.288252e-03 3.013406e-03 9.931795e-04
7.000000e+00 1.013850e+00 7.124902e-03 7.124902e-03 1.235844e-03 2.348974e-03
8.000000e+00 1.015617e+00 6.743005e-03 6.743005e-03 1.658558e-03 5.658651e-03
9.000000e+00 1.017231e+00 7.270184e-03 7.270184e-03 1.639637e-03 2.523966e-03
1.000000e+01 1.019586e+00 7.989333e-03 7.989333e-03 3.596556e-03 2.868587e-03
1.200000e+01 1.019672e+00 7.714489e-03 7.714489e-03 1.353883e-03 1.915166e-03
1.400000e+01 1.020323e+00 7.672494e-03 7.672494e-03 7.933162e-04 3.029174e-03
1.600000e+01 1.021227e+00 7.814215e-03 7.814215e-03 -1.678128e-05 3.647817e-03
2.000000e+01 1.022929e+00 8.278672e-03 8.278672e-03 5.607127e-04 5.953376e-03
2.500000e+01 1.024576e+00 8.951458e-03 8.951458e-03 4.248551e-04 1.745980e-03
3.000000e+01 1.025847e+00 9.515980e-03 9.515980e-03 4.221181e-04 9.961008e-04
5.000000e+01 1.028749e+00 1.110305e-02 1.110305e-02 7.623030e-04 1.505053e-03
7.000000e+01 1.029438e+00 1.192874e-02 1.192874e-02 1.599168e-03 1.153250e-03
1.000000e+02 1.027474e+00 1.243252e-02 1.243252e-02 1.162422e-03 1.792244e-03
