# Data for S_lab_v3 - EPPS21
# Columns: pT [GeV], Central, PDF_unc_minus, PDF_unc_plus, Scale_unc_minus, Scale_unc_plus

4.000000e+00 3.736395e-01 9.092236e-03 7.858389e-03 2.597986e-02 9.189141e-02
6.000000e+00 3.194490e-01 6.686006e-03 6.004804e-03 1.688107e-02 4.381177e-02
7.000000e+00 3.011936e-01 6.042811e-03 5.459884e-03 1.571920e-02 3.312319e-02
8.000000e+00 2.873911e-01 5.552875e-03 4.890635e-03 1.495759e-02 2.568897e-02
9.000000e+00 2.749980e-01 5.153743e-03 4.573373e-03 1.317860e-02 2.145707e-02
1.000000e+01 2.636644e-01 4.694453e-03 4.276686e-03 1.132765e-02 1.847567e-02
1.200000e+01 2.454191e-01 4.162543e-03 3.953619e-03 8.940685e-03 1.452400e-02
1.400000e+01 2.309231e-01 3.805132e-03 3.665041e-03 8.099652e-03 1.127069e-02
1.600000e+01 2.189995e-01 3.452492e-03 3.452123e-03 7.667599e-03 9.538870e-03
2.000000e+01 1.999874e-01 2.923362e-03 3.133472e-03 7.682642e-03 6.728628e-03
2.500000e+01 1.819271e-01 2.459610e-03 2.859653e-03 7.075754e-03 5.073783e-03
3.000000e+01 1.678896e-01 2.178758e-03 2.665390e-03 6.552844e-03 3.978976e-03
5.000000e+01 1.317269e-01 1.680039e-03 2.322560e-03 5.786453e-03 2.749793e-03
7.000000e+01 1.105331e-01 1.465474e-03 2.065930e-03 5.540655e-03 3.223464e-03
1.000000e+02 8.986306e-02 1.116073e-03 1.871373e-03 5.342699e-03 3.517039e-03
