# Data for S_lab_v4 - TUJU21nlo
# Columns: pT [GeV], Central, PDF_unc_minus, PDF_unc_plus, Scale_unc_minus, Scale_unc_plus

4.000000e+00 8.140536e-01 2.653728e-03 1.279259e-03 1.226327e-02 3.699858e-02
6.000000e+00 7.854316e-01 2.054099e-03 1.358415e-03 1.048621e-02 1.989425e-02
7.000000e+00 7.765711e-01 2.033114e-03 1.370786e-03 1.071875e-02 1.514229e-02
8.000000e+00 7.681450e-01 2.006626e-03 1.383681e-03 9.161630e-03 1.248307e-02
9.000000e+00 7.580474e-01 1.829779e-03 4.871468e-03 5.530760e-03 1.301288e-02
1.000000e+01 7.534997e-01 4.016162e-03 1.093497e-03 7.827729e-03 8.916401e-03
1.200000e+01 7.411234e-01 2.223189e-03 1.429273e-03 8.240749e-03 6.404230e-03
1.400000e+01 7.308629e-01 2.216540e-03 1.639619e-03 7.428385e-03 6.426368e-03
1.600000e+01 7.218183e-01 2.192670e-03 1.662515e-03 7.392199e-03 4.606013e-03
2.000000e+01 7.063070e-01 2.290409e-03 1.778445e-03 8.717724e-03 3.712623e-03
2.500000e+01 6.904242e-01 2.364621e-03 1.857288e-03 7.480975e-03 3.056525e-03
3.000000e+01 6.768413e-01 2.420299e-03 1.961826e-03 7.640925e-03 3.003825e-03
5.000000e+01 6.356805e-01 2.895490e-03 2.121685e-03 8.803177e-03 7.102026e-03
7.000000e+01 6.056151e-01 3.420716e-03 2.389084e-03 8.964415e-03 8.197849e-03
1.000000e+02 5.712273e-01 4.379193e-03 2.940441e-03 9.001254e-03 9.147763e-03
