# Data for S_lab_v3 - nNNPDF30
# Columns: pT [GeV], Central, PDF_unc_minus, PDF_unc_plus, Scale_unc_minus, Scale_unc_plus

4.000000e+00 3.603783e-01 1.076567e-02 1.076567e-02 2.330338e-02 7.373542e-02
6.000000e+00 3.098613e-01 7.308839e-03 7.308839e-03 1.448985e-02 3.693047e-02
7.000000e+00 2.933664e-01 6.332624e-03 6.332624e-03 1.402452e-02 2.783957e-02
8.000000e+00 2.799996e-01 5.600972e-03 5.600972e-03 1.300679e-02 2.209913e-02
9.000000e+00 2.684974e-01 5.020059e-03 5.020059e-03 1.146239e-02 1.884470e-02
1.000000e+01 2.576231e-01 4.634922e-03 4.634922e-03 9.662360e-03 1.656037e-02
1.200000e+01 2.404403e-01 3.964021e-03 3.964021e-03 8.134825e-03 1.357094e-02
1.400000e+01 2.270152e-01 3.419625e-03 3.419625e-03 7.510220e-03 1.055277e-02
1.600000e+01 2.158089e-01 3.007372e-03 3.007372e-03 7.073420e-03 8.914834e-03
2.000000e+01 1.979187e-01 2.469917e-03 2.469917e-03 6.742128e-03 6.456864e-03
2.500000e+01 1.809409e-01 2.105147e-03 2.105147e-03 6.518491e-03 4.901759e-03
3.000000e+01 1.676813e-01 1.947673e-03 1.947673e-03 5.992879e-03 3.937170e-03
5.000000e+01 1.331617e-01 1.863341e-03 1.863341e-03 5.547166e-03 2.680400e-03
7.000000e+01 1.123838e-01 1.843384e-03 1.843384e-03 5.398949e-03 3.209130e-03
1.000000e+02 9.168078e-02 1.687690e-03 1.687690e-03 5.319558e-03 3.705081e-03
