# Data for S_lab_v3 - TUJU21nlo
# Columns: pT [GeV], Central, PDF_unc_minus, PDF_unc_plus, Scale_unc_minus, Scale_unc_plus

4.000000e+00 3.700307e-01 1.992791e-03 1.624128e-03 2.593372e-02 8.888974e-02
6.000000e+00 3.158329e-01 1.684774e-03 1.317716e-03 1.723131e-02 4.203043e-02
7.000000e+00 2.981990e-01 1.585256e-03 1.417532e-03 1.621073e-02 3.179096e-02
8.000000e+00 2.835375e-01 1.251402e-03 1.481665e-03 1.440345e-02 2.510273e-02
9.000000e+00 2.702810e-01 1.472787e-03 2.328625e-03 1.224754e-02 2.153940e-02
1.000000e+01 2.591634e-01 1.687379e-03 1.299803e-03 1.024695e-02 1.839938e-02
1.200000e+01 2.411879e-01 1.517372e-03 1.261823e-03 8.817382e-03 1.349341e-02
1.400000e+01 2.268147e-01 1.455666e-03 1.309756e-03 8.278840e-03 1.093956e-02
1.600000e+01 2.147693e-01 1.405715e-03 1.288593e-03 7.885287e-03 8.703015e-03
2.000000e+01 1.955033e-01 1.354957e-03 1.272336e-03 8.997051e-03 6.319161e-03
2.500000e+01 1.771835e-01 1.286831e-03 1.255317e-03 7.468563e-03 4.712561e-03
3.000000e+01 1.629079e-01 1.223899e-03 1.248461e-03 6.821313e-03 3.787644e-03
5.000000e+01 1.260153e-01 1.105790e-03 1.171220e-03 6.197081e-03 3.156371e-03
7.000000e+01 1.043405e-01 9.809817e-04 1.119092e-03 5.638564e-03 3.731553e-03
1.000000e+02 8.380523e-02 1.002762e-03 1.011119e-03 5.091335e-03 3.908112e-03
