# Data for S_lab_v1 - nNNPDF30
# Columns: pT [GeV], Central, PDF_unc_minus, PDF_unc_plus, Scale_unc_minus, Scale_unc_plus

4.000000e+00 1.008231e+00 6.468621e-03 6.468621e-03 2.348318e-03 1.135709e-03
6.000000e+00 1.010495e+00 7.148564e-03 7.148564e-03 2.242791e-03 1.019420e-03
7.000000e+00 1.011899e+00 7.282009e-03 7.282009e-03 1.446089e-03 1.013067e-03
8.000000e+00 1.012456e+00 7.667236e-03 7.667236e-03 1.532928e-03 1.700708e-03
9.000000e+00 1.013003e+00 7.834219e-03 7.834219e-03 1.375878e-03 1.585957e-03
1.000000e+01 1.013586e+00 7.929172e-03 7.929172e-03 9.996522e-04 1.871240e-03
1.200000e+01 1.014400e+00 8.073698e-03 8.073698e-03 5.128682e-04 4.742830e-03
1.400000e+01 1.015223e+00 8.247478e-03 8.247478e-03 6.978069e-04 3.433180e-03
1.600000e+01 1.015823e+00 8.337730e-03 8.337730e-03 6.186325e-04 5.002834e-03
2.000000e+01 1.016725e+00 8.661898e-03 8.661898e-03 2.986158e-04 1.598322e-03
2.500000e+01 1.017528e+00 8.967836e-03 8.967836e-03 4.178131e-04 2.164137e-03
3.000000e+01 1.018268e+00 9.265593e-03 9.265593e-03 3.918811e-04 1.854723e-03
5.000000e+01 1.020876e+00 9.720911e-03 9.720911e-03 4.246695e-04 1.614909e-03
7.000000e+01 1.023122e+00 9.203517e-03 9.203517e-03 1.893823e-04 1.836246e-03
1.000000e+02 1.027598e+00 7.811272e-03 7.811272e-03 1.176273e-04 2.082239e-03
