# Data for S_lab_v2 - EPPS21
# Columns: pT [GeV], Central, PDF_unc_minus, PDF_unc_plus, Scale_unc_minus, Scale_unc_plus

4.000000e+00 1.025768e+00 8.310327e-03 1.225500e-02 6.217618e-04 1.771916e-02
6.000000e+00 1.029952e+00 7.909674e-03 1.293373e-02 3.740763e-03 1.054158e-02
7.000000e+00 1.030383e+00 7.760706e-03 1.246103e-02 2.557459e-03 8.377963e-03
8.000000e+00 1.032274e+00 7.690032e-03 1.225822e-02 5.534960e-03 7.475512e-03
9.000000e+00 1.033245e+00 7.788185e-03 1.218011e-02 5.245225e-03 4.833450e-03
1.000000e+01 1.036804e+00 1.304340e-02 1.195163e-02 6.831309e-03 4.364862e-04
1.200000e+01 1.036280e+00 6.690761e-03 1.187879e-02 3.816350e-03 3.542567e-03
1.400000e+01 1.035902e+00 7.832402e-03 1.169022e-02 2.561091e-03 2.095686e-03
1.600000e+01 1.036481e+00 7.797979e-03 1.130979e-02 1.597077e-03 2.390271e-03
2.000000e+01 1.037223e+00 7.737219e-03 1.060890e-02 2.238728e-03 2.093821e-03
2.500000e+01 1.036954e+00 7.465787e-03 9.576366e-03 3.224487e-03 1.051488e-03
3.000000e+01 1.036265e+00 7.214885e-03 8.576470e-03 2.555038e-03 2.935179e-04
5.000000e+01 1.031949e+00 5.969361e-03 5.835008e-03 2.161148e-03 2.385079e-03
7.000000e+01 1.026616e+00 5.643435e-03 3.642972e-03 2.723894e-03 1.419980e-03
1.000000e+02 1.019055e+00 3.950896e-03 2.778365e-03 1.591990e-03 2.561692e-03
