# Data for S_lab_v1 - EPPS21
# Columns: pT [GeV], Central, PDF_unc_minus, PDF_unc_plus, Scale_unc_minus, Scale_unc_plus

4.000000e+00 9.906713e-01 1.684576e-02 9.180634e-03 8.037802e-03 2.411313e-03
6.000000e+00 9.924496e-01 1.623538e-02 9.315169e-03 4.080158e-03 1.268603e-03
7.000000e+00 9.931559e-01 1.577595e-02 9.564468e-03 2.859861e-03 2.569473e-03
8.000000e+00 9.944982e-01 1.564578e-02 9.362420e-03 2.168991e-03 3.364355e-03
9.000000e+00 9.956360e-01 1.501028e-02 9.113520e-03 1.551183e-03 3.210632e-03
1.000000e+01 9.963644e-01 1.452161e-02 9.158668e-03 1.748704e-03 3.232161e-03
1.200000e+01 9.993035e-01 1.352069e-02 1.040321e-02 2.416673e-03 5.487655e-03
1.400000e+01 1.000516e+00 1.234182e-02 9.724880e-03 9.600391e-04 4.132970e-03
1.600000e+01 1.003556e+00 1.450578e-02 6.893055e-03 2.481247e-03 5.365706e-03
2.000000e+01 1.005390e+00 9.847054e-03 7.754230e-03 6.788377e-04 2.701541e-03
2.500000e+01 1.009018e+00 8.298318e-03 6.589485e-03 2.372747e-04 2.790792e-03
3.000000e+01 1.012366e+00 7.041064e-03 6.019567e-03 3.902952e-04 1.856542e-03
5.000000e+01 1.021903e+00 4.304067e-03 4.218545e-03 8.590814e-04 9.001887e-04
7.000000e+01 1.027540e+00 3.948507e-03 3.057858e-03 7.547972e-04 1.531079e-03
1.000000e+02 1.033242e+00 2.859452e-03 3.785350e-03 1.431567e-04 1.370299e-03
