# Data for S_lab_v2 - TUJU21nlo
# Columns: pT [GeV], Central, PDF_unc_minus, PDF_unc_plus, Scale_unc_minus, Scale_unc_plus

4.000000e+00 1.016609e+00 2.861378e-03 1.656971e-03 2.083283e-03 6.473899e-03
6.000000e+00 1.015863e+00 2.223321e-03 1.856645e-03 0.000000e+00 5.389865e-03
7.000000e+00 1.018899e+00 2.700042e-03 1.676827e-03 2.097090e-03 6.316101e-03
8.000000e+00 1.020128e+00 3.125012e-03 5.266685e-03 1.838394e-03 4.552748e-03
9.000000e+00 1.021859e+00 3.064227e-03 4.292524e-03 3.121823e-03 1.421237e-03
1.000000e+01 1.022959e+00 3.041005e-03 1.563892e-03 3.820318e-03 2.966629e-03
1.200000e+01 1.022904e+00 2.932051e-03 1.874659e-03 9.739760e-04 3.100878e-03
1.400000e+01 1.023749e+00 3.082238e-03 2.071677e-03 4.451188e-04 3.246127e-03
1.600000e+01 1.024647e+00 3.132389e-03 2.160088e-03 6.775562e-04 3.471891e-03
2.000000e+01 1.026100e+00 3.372028e-03 2.366658e-03 1.142238e-03 1.983978e-03
2.500000e+01 1.026931e+00 3.574119e-03 2.577814e-03 1.628999e-03 1.155384e-03
3.000000e+01 1.027830e+00 3.787082e-03 2.760690e-03 1.498790e-03 8.357709e-04
5.000000e+01 1.027376e+00 4.326346e-03 3.242829e-03 1.482260e-03 2.401880e-03
7.000000e+01 1.023971e+00 5.759811e-03 3.636324e-03 1.704056e-03 9.488221e-04
1.000000e+02 1.016851e+00 8.763320e-03 4.233033e-03 3.138687e-03 1.370925e-03
